usemtl FrontColor;
v 1.58649 -0.00572336 -0.0844668;
vt 9.8691 52.6992;
vn 1 -7.6157e-16 1.63549e-16;
v 1.50806 0.0685533 -0.0844668;
vt 9.38607 72.4315;
vn 0.999718 0.023751 -7.10882e-17;
v 1.43347 0.0685533 0.386475;
vt -9.38607 72.4315;
vn 0.950788 0.023751 0.30893;
v 1.50806 -0.00572336 0.410711;
vt -9.8691 52.6992;
vn 0.951057 -3.95718e-16 0.309017;
f 1 1 1 2 2 2 3 3 3 4 4 4 ;
;
usemtl BackColor;
vn -0.951057 3.95718e-16 -0.309017;
vn -0.950788 -0.023751 -0.30893;
vn -0.999718 -0.023751 7.10882e-17;
vn -1 7.6157e-16 -1.63549e-16;
f 4 4 5 3 3 6 2 2 7 1 1 8 ;
;
usemtl FrontColor;
v 1.21701 0.0685533 0.811318;
vn 0.808789 0.023751 0.587619;
v 1.28046 -0.00572336 0.857417;
vn 0.809017 2.34657e-16 0.587785;
f 4 1 4 3 2 3 5 3 9 6 4 10 ;
;
usemtl BackColor;
vn -0.809017 -2.34657e-16 -0.587785;
vn -0.808789 -0.023751 -0.587619;
f 6 4 11 5 3 12 3 2 6 4 1 5 ;
;
usemtl FrontColor;
v 0.879849 0.0685533 1.14848;
vn 0.587619 0.023751 0.808789;
v 0.925948 -0.00572336 1.21193;
vn 0.587785 4.2025e-16 0.809017;
f 6 1 10 5 2 9 7 3 13 8 4 14 ;
;
usemtl BackColor;
vn -0.587785 -4.2025e-16 -0.809017;
vn -0.587619 -0.023751 -0.808789;
f 8 4 15 7 3 16 5 2 12 6 1 11 ;
;
usemtl FrontColor;
v 0.455006 0.0685533 1.36494;
vn 0.30893 0.023751 0.950788;
v 0.479242 -0.00572336 1.43953;
vn 0.309017 3.60519e-16 0.951057;
f 8 1 14 7 2 13 9 3 17 10 4 18 ;
;
usemtl BackColor;
vn -0.309017 -3.60519e-16 -0.951057;
vn -0.30893 -0.023751 -0.950788;
f 10 4 19 9 3 20 7 2 16 8 1 15 ;
;
usemtl FrontColor;
v -0.0159356 0.0685533 1.43953;
vn 8.53059e-16 0.023751 0.999718;
v -0.0159356 -0.00572336 1.51796;
vn 7.7508e-16 5.9411e-16 1;
f 10 1 18 9 2 17 11 3 21 12 4 22 ;
;
usemtl BackColor;
vn -7.7508e-16 -5.9411e-16 -1;
vn -8.53059e-16 -0.023751 -0.999718;
f 12 4 23 11 3 24 9 2 20 10 1 19 ;
;
usemtl FrontColor;
v -0.486878 0.0685533 1.36494;
vn -0.30893 0.023751 0.950788;
v -0.511113 -0.00572336 1.43953;
vn -0.309017 8.29834e-16 0.951057;
f 12 1 22 11 2 21 13 3 25 14 4 26 ;
;
usemtl BackColor;
vn 0.309017 -8.29834e-16 -0.951057;
vn 0.30893 -0.023751 -0.950788;
f 14 4 27 13 3 28 11 2 24 12 1 23 ;
;
usemtl FrontColor;
vn -0.309017 8.30901e-16 0.951057;
v -0.91172 0.0685533 1.14848;
vn -0.587619 0.023751 0.808789;
v -0.957819 -0.00572336 1.21193;
vn -0.587785 9.01298e-16 0.809017;
f 14 1 29 13 2 25 15 3 30 16 4 31 ;
;
usemtl BackColor;
vn 0.587785 -9.01298e-16 -0.809017;
vn 0.587619 -0.023751 -0.808789;
vn 0.309017 -8.30901e-16 -0.951057;
f 16 4 32 15 3 33 13 2 28 14 1 34 ;
;
usemtl FrontColor;
v -1.24888 0.0685533 0.811318;
vn -0.808789 0.023751 0.587619;
v -1.31233 -0.00572336 0.857417;
vn -0.809017 4.34116e-16 0.587785;
f 16 1 31 15 2 30 17 3 35 18 4 36 ;
;
usemtl BackColor;
vn 0.809017 -4.34116e-16 -0.587785;
vn 0.808789 -0.023751 -0.587619;
f 18 4 37 17 3 38 15 2 33 16 1 32 ;
;
usemtl FrontColor;
v -1.46535 0.0685533 0.386475;
vn -0.950788 0.023751 0.30893;
v -1.53994 -0.00572336 0.410711;
vn -0.951057 -1.10929e-16 0.309017;
f 18 1 36 17 2 35 19 3 39 20 4 40 ;
;
usemtl BackColor;
vn 0.951057 1.10929e-16 -0.309017;
vn 0.950788 -0.023751 -0.30893;
f 20 4 41 19 3 42 17 2 38 18 1 37 ;
;
usemtl FrontColor;
v -1.53994 0.0685533 -0.0844668;
vn -0.999718 0.023751 -0;
v -1.61836 -0.00572336 -0.0844668;
vn -1 -3.3172e-16 5.68866e-16;
f 20 1 40 19 2 39 21 3 43 22 4 44 ;
;
usemtl BackColor;
vn 1 3.3172e-16 -5.68866e-16;
vn 0.999718 -0.023751 0;
f 22 4 45 21 3 46 19 2 42 20 1 41 ;
;
usemtl FrontColor;
vn -1 -3.30654e-16 5.75977e-16;
v -1.46535 0.0685533 -0.555409;
vn -0.950788 0.023751 -0.30893;
v -1.53994 -0.00572336 -0.579644;
vn -0.951057 -2.87989e-16 -0.309017;
f 22 1 47 21 2 43 23 3 48 24 4 49 ;
;
usemtl BackColor;
vn 0.951057 2.87989e-16 0.309017;
vn 0.950788 -0.023751 0.30893;
vn 1 3.30654e-16 -5.75977e-16;
f 24 4 50 23 3 51 21 2 46 22 1 52 ;
;
usemtl FrontColor;
v -1.24888 0.0685533 -0.980252;
vn -0.808789 0.023751 -0.587619;
v -1.31233 -0.00572336 -1.02635;
vn -0.809017 -4.2665e-16 -0.587785;
f 24 1 49 23 2 48 25 3 53 26 4 54 ;
;
usemtl BackColor;
vn 0.809017 4.2665e-16 0.587785;
vn 0.808789 -0.023751 0.587619;
f 26 4 55 25 3 56 23 2 51 24 1 50 ;
;
usemtl FrontColor;
vn -0.809017 -4.27716e-16 -0.587785;
v -0.91172 0.0685533 -1.31741;
vn -0.587619 0.023751 -0.808789;
v -0.957819 -0.00572336 -1.38086;
vn -0.587785 -7.15705e-16 -0.809017;
f 26 1 57 25 2 53 27 3 58 28 4 59 ;
;
usemtl BackColor;
vn 0.587785 7.15705e-16 0.809017;
vn 0.587619 -0.023751 0.808789;
vn 0.809017 4.27716e-16 0.587785;
f 28 4 60 27 3 61 25 2 56 26 1 62 ;
;
usemtl FrontColor;
vn -0.587785 -7.14638e-16 -0.809017;
v -0.486878 0.0685533 -1.53388;
vn -0.30893 0.023751 -0.950788;
v -0.511113 -0.00572336 -1.60847;
vn -0.309017 -8.69299e-16 -0.951057;
f 28 1 63 27 2 58 29 3 64 30 4 65 ;
;
usemtl BackColor;
vn 0.309017 8.69299e-16 0.951057;
vn 0.30893 -0.023751 0.950788;
vn 0.587785 7.14638e-16 0.809017;
f 30 4 66 29 3 67 27 2 61 28 1 68 ;
;
usemtl FrontColor;
vn -0.309017 -8.68232e-16 -0.951057;
v -0.0159356 0.0685533 -1.60847;
vn -1.03789e-15 0.023751 -0.999718;
v -0.0159356 -0.00572336 -1.6869;
vn -4.40871e-16 -9.01298e-16 -1;
f 30 1 69 29 2 64 31 3 70 32 4 71 ;
;
usemtl BackColor;
vn 4.40871e-16 9.01298e-16 1;
vn 1.03789e-15 -0.023751 0.999718;
vn 0.309017 8.68232e-16 0.951057;
f 32 4 72 31 3 73 29 2 67 30 1 74 ;
;
usemtl FrontColor;
v 0.455006 0.0685533 -1.53388;
vn 0.30893 0.023751 -0.950788;
v 0.479242 -0.00572336 -1.60847;
vn 0.309017 -6.91173e-16 -0.951057;
f 32 1 71 31 2 70 33 3 75 34 4 76 ;
;
usemtl BackColor;
vn -0.309017 6.91173e-16 0.951057;
vn -0.30893 -0.023751 0.950788;
f 34 4 77 33 3 78 31 2 73 32 1 72 ;
;
usemtl FrontColor;
v 0.879849 0.0685533 -1.31741;
vn 0.587619 0.023751 -0.808789;
v 0.925948 -0.00572336 -1.38086;
vn 0.587785 -3.75452e-16 -0.809017;
f 34 1 76 33 2 75 35 3 79 36 4 80 ;
;
usemtl BackColor;
vn -0.587785 3.75452e-16 0.809017;
vn -0.587619 -0.023751 0.808789;
f 36 4 81 35 3 82 33 2 78 34 1 77 ;
;
usemtl FrontColor;
vn 0.587785 -3.76518e-16 -0.809017;
v 1.21701 0.0685533 -0.980252;
vn 0.808789 0.023751 -0.587619;
v 1.28046 -0.00572336 -1.02635;
vn 0.809017 -2.17591e-16 -0.587785;
f 36 1 83 35 2 79 37 3 84 38 4 85 ;
;
usemtl BackColor;
vn -0.809017 2.17591e-16 0.587785;
vn -0.808789 -0.023751 0.587619;
vn -0.587785 3.76518e-16 0.809017;
f 38 4 86 37 3 87 35 2 82 36 1 88 ;
;
usemtl FrontColor;
vn 0.809017 -2.16525e-16 -0.587785;
v 1.43347 0.0685533 -0.555409;
vn 0.950788 0.023751 -0.30893;
v 1.50806 -0.00572336 -0.579644;
vn 0.951057 -5.62111e-16 -0.309017;
f 38 1 89 37 2 84 39 3 90 40 4 91 ;
;
usemtl BackColor;
vn -0.951057 5.62111e-16 0.309017;
vn -0.950788 -0.023751 0.30893;
vn -0.809017 2.16525e-16 0.587785;
f 40 4 92 39 3 93 37 2 87 38 1 94 ;
;
usemtl FrontColor;
vn 1 -7.60503e-16 1.56438e-16;
f 40 1 91 39 2 90 2 3 2 1 4 95 ;
;
usemtl BackColor;
vn -1 7.60503e-16 -1.56438e-16;
f 1 4 96 2 3 7 39 2 93 40 1 92 ;
;
usemtl FrontColor;
v 1.43347 -0.08 -0.555409;
vt 9.38607 52.2279;
vt 9.8691 71.9602;
vt -9.8691 71.9602;
v 1.50806 -0.08 -0.0844668;
vt -9.38607 52.2279;
vn 0.999718 -0.023751 3.83877e-16;
f 41 5 42 40 6 91 1 7 95 42 8 97 ;
;
v 1.21701 -0.08 -0.980252;
f 43 5 38 38 6 89 40 7 91 41 8 42 ;
;
usemtl BackColor;
f 41 8 39 40 7 92 38 6 94 43 5 35 ;
;
vn -0.999718 0.023751 -3.83877e-16;
f 42 8 98 1 7 96 40 6 92 41 5 39 ;
;
usemtl FrontColor;
v 1.43347 -0.08 0.386475;
f 42 5 97 1 6 1 4 7 4 44 8 51 ;
;
usemtl BackColor;
f 44 8 48 4 7 5 1 6 8 42 5 98 ;
;
usemtl FrontColor;
vn 0.951057 -3.96784e-16 0.309017;
vn 0.809017 2.35724e-16 0.587785;
v 1.21701 -0.08 0.811318;
f 44 5 51 4 6 99 6 7 100 45 8 56 ;
;
usemtl BackColor;
vn -0.809017 -2.35724e-16 -0.587785;
vn -0.951057 3.96784e-16 -0.309017;
f 45 8 53 6 7 101 4 6 102 44 5 48 ;
;
usemtl FrontColor;
vn 0.587785 4.19183e-16 0.809017;
v 0.879849 -0.08 1.14848;
f 45 5 56 6 6 100 8 7 103 46 8 61 ;
;
usemtl BackColor;
vn -0.587785 -4.19183e-16 -0.809017;
f 46 8 58 8 7 104 6 6 101 45 5 53 ;
;
usemtl FrontColor;
v 0.455006 -0.08 1.36494;
f 46 5 61 8 6 103 10 7 18 47 8 67 ;
;
usemtl BackColor;
f 47 8 64 10 7 19 8 6 104 46 5 58 ;
;
usemtl FrontColor;
v -0.0159356 -0.08 1.43953;
vn 6.96665e-16 -0.023751 0.999718;
f 47 5 67 10 6 18 12 7 22 48 8 105 ;
;
usemtl BackColor;
vn -6.96665e-16 0.023751 -0.999718;
f 48 8 106 12 7 23 10 6 19 47 5 64 ;
;
usemtl FrontColor;
vn 7.7508e-16 5.93043e-16 1;
v -0.486878 -0.08 1.36494;
f 48 5 105 12 6 107 14 7 26 49 8 78 ;
;
usemtl BackColor;
vn -7.7508e-16 -5.93043e-16 -1;
f 49 8 75 14 7 27 12 6 108 48 5 106 ;
;
usemtl FrontColor;
v -0.91172 -0.08 1.14848;
f 49 5 78 14 6 29 16 7 31 50 8 82 ;
;
usemtl BackColor;
f 50 8 79 16 7 32 14 6 34 49 5 75 ;
;
usemtl FrontColor;
vn -0.587785 9.00231e-16 0.809017;
v -1.24888 -0.08 0.811318;
f 50 5 82 16 6 109 18 7 36 51 8 87 ;
;
usemtl BackColor;
vn 0.587785 -9.00231e-16 -0.809017;
f 51 8 84 18 7 37 16 6 110 50 5 79 ;
;
usemtl FrontColor;
vn -0.809017 4.3305e-16 0.587785;
vn -0.951057 -1.09862e-16 0.309017;
v -1.46535 -0.08 0.386475;
f 51 5 87 18 6 111 20 7 112 52 8 93 ;
;
usemtl BackColor;
vn 0.951057 1.09862e-16 -0.309017;
vn 0.809017 -4.3305e-16 -0.587785;
f 52 8 90 20 7 113 18 6 114 51 5 84 ;
;
usemtl FrontColor;
v -1.53994 -0.08 -0.0844668;
vn -0.999718 -0.023751 1.15163e-15;
f 52 5 93 20 6 112 22 7 44 53 8 115 ;
;
usemtl BackColor;
vn 0.999718 0.023751 -1.15163e-15;
f 53 8 116 22 7 45 20 6 113 52 5 90 ;
;
usemtl FrontColor;
vn -1 -3.3172e-16 5.75977e-16;
vn -0.951057 -2.89055e-16 -0.309017;
v -1.46535 -0.08 -0.555409;
f 53 5 115 22 6 117 24 7 118 54 8 6 ;
;
usemtl BackColor;
vn 0.951057 2.89055e-16 0.309017;
vn 1 3.3172e-16 -5.75977e-16;
f 54 8 3 24 7 119 22 6 120 53 5 116 ;
;
usemtl FrontColor;
v -1.24888 -0.08 -0.980252;
f 54 5 6 24 6 118 26 7 54 55 8 12 ;
;
usemtl BackColor;
f 55 8 9 26 7 55 24 6 119 54 5 3 ;
;
usemtl FrontColor;
vn -0.809017 -4.25583e-16 -0.587785;
v -0.91172 -0.08 -1.31741;
f 55 5 12 26 6 121 28 7 59 56 8 16 ;
;
usemtl BackColor;
vn 0.809017 4.25583e-16 0.587785;
f 56 8 13 28 7 60 26 6 122 55 5 9 ;
;
usemtl FrontColor;
v -0.486878 -0.08 -1.53388;
f 56 5 16 28 6 59 30 7 65 57 8 20 ;
;
usemtl BackColor;
f 57 8 17 30 7 66 28 6 60 56 5 13 ;
;
usemtl FrontColor;
v -0.0159356 -0.08 -1.60847;
vn 1.56394e-16 -0.023751 -0.999718;
f 57 5 20 30 6 69 32 7 71 58 8 123 ;
;
usemtl BackColor;
vn -1.56394e-16 0.023751 0.999718;
f 58 8 124 32 7 72 30 6 74 57 5 17 ;
;
usemtl FrontColor;
v 0.455006 -0.08 -1.53388;
f 58 5 123 32 6 71 34 7 76 59 8 28 ;
;
usemtl BackColor;
f 59 8 25 34 7 77 32 6 72 58 5 124 ;
;
usemtl FrontColor;
v 0.879849 -0.08 -1.31741;
f 59 5 28 34 6 76 36 7 83 60 8 33 ;
;
usemtl BackColor;
f 60 8 30 36 7 88 34 6 77 59 5 25 ;
;
usemtl FrontColor;
f 60 5 33 36 6 83 38 7 89 43 8 38 ;
;
usemtl BackColor;
f 43 8 35 38 7 94 36 6 88 60 5 30 ;
;
